2023-08-25	2899	2 3 5 7 8 10 13 14 15 16 17 18 19 22 25
2023-08-24	2898	1 6 9 10 12 14 15 16 17 18 20 21 22 23 24
2023-08-23	2897	1 7 9 10 11 12 13 14 17 18 19 21 23 24 25
2023-08-22	2896	1 2 5 7 8 9 11 13 15 16 17 18 20 23 24
2023-08-21	2895	2 3 5 8 9 11 14 15 16 17 18 21 22 24 25
2023-08-19	2894	1 2 3 4 5 6 7 8 13 14 15 17 20 22 23
2023-08-18	2893	1 4 5 6 8 9 10 11 17 19 20 21 23 24 25
2023-08-17	2892	4 5 6 8 9 10 14 16 17 18 19 20 21 22 23
2023-08-16	2891	1 2 5 6 10 11 12 13 15 17 18 20 21 23 24
2023-08-15	2890	1 4 6 7 9 10 11 12 15 16 18 19 20 21 23
2023-08-14	2889	2 4 6 7 8 10 12 14 15 16 18 20 23 24 25

